-4.75630552641058
0.519617907221256
0.418966347688647
-0.127599165201111
0.0733896228515006
-0.0483248838217532
0.0344555809539189
-0.0258918354380074
0.0202040834057437
-0.0162224723634252
0.0133214278917347
-0.0111398592557855
0.00945666840863424
-0.00813004829598605
0.00706549271263298
-0.00619797094882768
0.00548155088799382
-0.00488293731603659
0.0043775885407312
-0.00394701075769039
0.00357713466994482
-0.0032570422483984
0.00297813912612416
-0.00273367713353501
0.00251818134058859
-0.00232722723986693
0.00215724976064479
-0.00200525678999203
0.00186879734178504
-0.00174583423275224
0.00163461675851962
-0.00153371252459936
0.00144191195342395
-0.00135810096039176
0.00128138827782147
-0.00121104179297485
0.00114629756212507
-0.00108664628945422
0.00103151501716719
-0.00098048994241193
0.000933157262336401
-0.000889198667054419
0.000848232184702566
-0.000810066829349129
0.000774416122096544
-0.000741089077013101
0.000709831046189853
-0.000680546536660944
0.000653012731506047
-0.000627134137759304
0.000602751600477626
-0.000579769626695156
0.00055809272344604
-0.000537593566775804
0.000518208494707211
-0.000499873845263025
0.00048249412547739
-0.000465973842384451
0.000450312995984209
-0.000435416093310807
0.000421251303375629
-0.000407786795190054
0.000394927075788229
-0.000382703976158772
0.000370990172347208
-0.000359849326330775
0.000349185945143618
-0.000339000028785737
0.000329227915279895
-0.00031990143561471
0.000310956927812945
-0.000302394391874601
0.000294150165822441
-0.000286256080645083
0.000278680305353909
-0.000271422839948918
0.000264420022452875
-0.000257671852865779
0.000251210162176248
-0.000244971288407045
0.000238955231558172
-0.000233161991629627
0.00022759156862141
-0.000222212131544904
0.000217023680400108
-0.000211994384198405
0.000207156073928411
-0.000202476918601509
0.000197956918217699
-0.000193596072776981
0.000189362551290737
-0.000185288184747585
0.000181309311170287
-0.000177489592536082
0.000173765366867731
-0.000170168465153855
0.000166698887394451
-0.000163324802600903
0.00016004621077321
-0.000156863111911372
0.000153775506015389
-0.000150783393085262
0.000147886773120989
-0.000145053815133953
0.000142316350112773
-0.000139642547068829
0.000137032406002122
-0.00013451775790127
0.000132066771777655
-0.000129679447631276
0.000127355785462135
-0.00012509578527023
0.000122899447055562
-0.00012076677081813
0.000118665925569317
-0.000116660573286359
0.000114655221003401
-0.000112745361686299
0.000110867333357814
-0.000109021136017948
0.000107238600655319
-0.000105487896281308
0.000103769022895916
-0.00010211381148776
0.000100490431068223
-9.88988816373038E-05
9.73709941836216E-05
-9.58431067299394E-05
9.43788812534939E-05
-9.29464867656669E-05
9.15140922778398E-05
-9.01453597672495E-05
8.88084582452776E-05
-8.75033877119241E-05
8.61983171785705E-05
-8.49569086224537E-05
8.3715500066337E-05
-8.25059224988385E-05
8.13281759199585E-05
-8.01822603296969E-05
7.90363447394352E-05
-7.79540911264103E-05
7.68718375133854E-05
-7.57895839003606E-05
7.47709922645724E-05
-7.37524006287843E-05
7.27656399816145E-05
-7.17788793344448E-05
7.08239496758934E-05
-6.98690200173421E-05
6.89777523360274E-05
-6.80546536660944E-05
6.71952169733982E-05
-6.63039492920836E-05
6.54763435880058E-05
-6.46487378839279E-05
6.382113217985E-05
-6.30253574643906E-05
6.22295827489311E-05
-6.146563902209E-05
6.07016952952489E-05
-5.99695825570262E-05
5.92374698188034E-05
-5.85053570805807E-05
5.78050753309764E-05
-5.71047935813721E-05
5.64363428203861E-05
-5.57678920594001E-05
5.51312722870326E-05
-5.44628215260466E-05
5.38580327422974E-05
-5.32214129699298E-05
5.26166241861806E-05
-5.20118354024314E-05
5.14388776073006E-05
-5.08340888235514E-05
5.02929620170389E-05
-4.97200042219081E-05
4.91788774153957E-05
-4.86377506088832E-05
4.80966238023708E-05
-4.75554969958583E-05
4.70462011779643E-05
-4.65369053600702E-05
4.60594405307945E-05
-4.55501447129005E-05
4.50726798836248E-05
-4.45952150543491E-05
4.41495812136918E-05
-4.36721163844161E-05
4.32264825437588E-05
-4.27808487031015E-05
4.23352148624442E-05
-4.18895810217869E-05
4.14757781697479E-05
-4.1061975317709E-05
4.06481724656701E-05
-4.02343696136311E-05
3.98523977502106E-05
-3.94385948981717E-05
3.90566230347511E-05
-3.86746511713306E-05
3.829267930791E-05
-3.79425384331078E-05
3.75605665696873E-05
-3.72104256948851E-05
3.6860284820083E-05
-3.65101439452808E-05
3.61600030704786E-05
-3.58098621956764E-05
3.54597213208743E-05
-3.51414114346905E-05
3.48231015485067E-05
-3.45047916623229E-05
3.41864817761391E-05
-3.38681718899553E-05
3.35498620037715E-05
-3.32633831062061E-05
3.29450732200223E-05
-3.26585943224569E-05
3.23721154248915E-05
-3.20856365273261E-05
3.17991576297607E-05
-3.15126787321953E-05
3.12261998346299E-05
-3.09715519256828E-05
3.06850730281174E-05
-3.04304251191704E-05
3.01757772102234E-05
-2.99211293012763E-05
2.96664813923293E-05
-2.94118334833823E-05
2.91571855744352E-05
-2.89025376654882E-05
2.86478897565412E-05
-2.84250728362125E-05
2.81704249272655E-05
-2.79476080069368E-05
2.77247910866082E-05
-2.75019741662795E-05
2.72791572459509E-05
-2.70563403256222E-05
2.68335234052936E-05
-2.66107064849649E-05
2.63878895646362E-05
-2.6196903632926E-05
2.59740867125973E-05
-2.5783100780887E-05
2.55602838605584E-05
-2.53692979288481E-05
2.51783119971378E-05
-2.49554950768092E-05
2.47645091450989E-05
-2.45735232133886E-05
2.43825372816784E-05
-2.41915513499681E-05
2.40323964068762E-05
-2.38414104751659E-05
2.36504245434556E-05
-2.34594386117454E-05
2.33002836686535E-05
-2.31092977369432E-05
2.29501427938513E-05
-2.27909878507594E-05
2.26000019190491E-05
-2.24408469759572E-05
2.22816920328653E-05
-2.21225370897735E-05
2.19633821466816E-05
-2.18042272035897E-05
2.16450722604978E-05
-2.14859173174059E-05
2.1326762374314E-05
-2.11676074312221E-05
2.10084524881302E-05
-2.08811285336567E-05
2.07219735905648E-05
-2.05628186474729E-05
2.04354946929994E-05
-2.02763397499075E-05
2.01490157954339E-05
-1.99898608523421E-05
1.98625368978685E-05
-1.9735212943395E-05
1.95760580003031E-05
-1.94487340458296E-05
1.93214100913561E-05
-1.91940861368826E-05
1.90667621824091E-05
-1.89394382279355E-05
1.8812114273462E-05
-1.86847903189885E-05
1.8557466364515E-05
-1.84301424100415E-05
1.8302818455568E-05
-1.81754945010944E-05
1.80800015352393E-05
-1.79526775807658E-05
1.78253536262923E-05
-1.76980296718188E-05
1.76025367059636E-05
-1.74752127514901E-05
1.7379719785635E-05
-1.72523958311615E-05
1.71569028653063E-05
-1.70295789108328E-05
1.69340859449777E-05
-1.68067619905041E-05
1.6711269024649E-05
-1.66157760587939E-05
1.65202830929387E-05
-1.63929591384652E-05
1.62974661726101E-05
-1.62019732067549E-05
1.61064802408998E-05
-1.60109872750447E-05
1.58836633205712E-05
-1.5788170354716E-05
1.56926773888609E-05
-1.55971844230057E-05
1.55016914571506E-05
-1.54061984912955E-05
1.53107055254403E-05
-1.52470435482036E-05
1.51515505823484E-05
-1.50560576164933E-05
1.49605646506382E-05
-1.4865071684783E-05
1.47695787189279E-05
-1.47059167416911E-05
1.4610423775836E-05
-1.45149308099809E-05
1.44512688327441E-05
-1.4355775866889E-05
1.42602829010338E-05
-1.41966209237971E-05
1.41011279579419E-05
-1.40374659807052E-05
1.394197301485E-05
-1.38783110376133E-05
1.37828180717581E-05
-1.37191560945214E-05
1.36236631286662E-05
-1.35600011514295E-05
1.34645081855743E-05
-1.34008462083376E-05
1.33371842311008E-05
-1.32416912652457E-05
1.31780292880089E-05
-1.31143673107722E-05
1.3018874344917E-05
-1.29552123676803E-05
1.28915503904435E-05
-1.28278884132068E-05
1.27323954473516E-05
-1.26687334701149E-05
1.26050714928781E-05
-1.25414095156414E-05
1.24777475384046E-05
-1.24140855611678E-05
1.23504235839311E-05
-1.22549306180759E-05
1.21912686408392E-05
-1.21276066636024E-05
1.20639446863657E-05
-1.20002827091289E-05
1.19366207318922E-05
-1.18729587546554E-05
1.18092967774186E-05
-1.17456348001819E-05
1.16819728229451E-05
-1.16501418343267E-05
1.158647985709E-05
-1.15228178798532E-05
1.14591559026165E-05
-1.13954939253797E-05
1.13318319481429E-05
-1.12681699709062E-05
1.12363389822878E-05
-1.11726770050511E-05
1.11090150278143E-05
-1.10453530505775E-05
1.09816910733408E-05
-1.09498600847224E-05
1.08861981074856E-05
-1.08225361302489E-05
1.07907051416305E-05
-1.07270431643937E-05
1.0663381187157E-05
-1.06315501985386E-05
1.05678882213019E-05
-1.05042262440651E-05
1.04723952554467E-05
-1.040873327821E-05
1.03450713009732E-05
-1.03132403123548E-05
1.02495783351181E-05
-1.02177473464997E-05
1.01540853692629E-05
-1.01222543806445E-05
1.00585924034078E-05
-1.00267614147894E-05
9.96309943755265E-06
-9.93126844893427E-06
9.86760647169751E-06
-9.83577548307913E-06
9.77211350584238E-06
-9.74028251722399E-06
9.67662053998724E-06
-9.64478955136886E-06
9.5811275741321E-06
-9.54929658551372E-06
9.51746559689534E-06
-9.45380361965858E-06
9.42197263104021E-06
-9.35831065380345E-06
9.32647966518507E-06
-9.29464867656669E-06
9.23098669932993E-06
-9.19915571071155E-06
9.16732472209317E-06
-9.10366274485641E-06
9.07183175623804E-06
-9.04000076761966E-06
9.00816977900128E-06
-8.94450780176452E-06
8.91267681314614E-06
-8.88084582452776E-06
8.817183847291E-06
-8.78535285867262E-06
8.75352187005424E-06
-8.72169088143586E-06
8.68985989281749E-06
-8.62619791558073E-06
8.59436692696235E-06
-8.56253593834397E-06
8.53070494972559E-06
-8.49887396110721E-06
8.43521198387045E-06
-8.40338099525207E-06
8.3715500066337E-06
-8.33971901801532E-06
8.30788802939694E-06
-8.27605704077856E-06
8.24422605216018E-06
-8.2123950635418E-06
8.14873308630504E-06
-8.11690209768666E-06
8.08507110906828E-06
-8.0532401204499E-06
8.02140913183153E-06
-7.98957814321315E-06
7.95774715459477E-06
-7.92591616597639E-06
7.89408517735801E-06
-7.86225418873963E-06
7.83042320012125E-06
-7.79859221150287E-06
7.76676122288449E-06
-7.73493023426611E-06
7.70309924564774E-06
-7.67126825702936E-06
7.63943726841098E-06
-7.6076062797926E-06
7.57577529117422E-06
-7.54394430255584E-06
7.51211331393746E-06
-7.48028232531908E-06
7.4484513367007E-06
-7.41662034808232E-06
7.38478935946394E-06
-7.35295837084556E-06
7.32112738222719E-06
-7.28929639360881E-06
7.25746540499043E-06
-7.22563441637205E-06
7.19380342775367E-06
-7.19380342775367E-06
7.16197243913529E-06
-7.13014145051691E-06
7.09831046189853E-06
-7.06647947328015E-06
7.03464848466177E-06
-7.0028174960434E-06
6.97098650742502E-06
-6.97098650742502E-06
6.93915551880664E-06
-6.90732453018826E-06
6.87549354156988E-06
-6.8436625529515E-06
6.81183156433312E-06
-6.81183156433312E-06
6.78000057571474E-06
-6.74816958709636E-06
6.71633859847798E-06
-6.6845076098596E-06
6.65267662124123E-06
-6.65267662124123E-06
6.62084563262285E-06
-6.58901464400447E-06
6.55718365538609E-06
-6.55718365538609E-06
6.52535266676771E-06
-6.49352167814933E-06
6.46169068953095E-06
-6.42985970091257E-06
6.42985970091257E-06
-6.39802871229419E-06
6.36619772367581E-06
-6.33436673505743E-06
6.33436673505743E-06
-6.30253574643906E-06
6.27070475782068E-06
-6.27070475782068E-06
6.2388737692023E-06
-6.20704278058392E-06
6.17521179196554E-06
-6.17521179196554E-06
6.14338080334716E-06
-6.11154981472878E-06
6.11154981472878E-06
-6.0797188261104E-06
6.04788783749202E-06
-6.04788783749202E-06
6.01605684887364E-06
-5.98422586025526E-06
5.95239487163689E-06
-5.95239487163689E-06
5.92056388301851E-06
-5.88873289440013E-06
5.88873289440013E-06
-5.85690190578175E-06
5.85690190578175E-06
-5.82507091716337E-06
5.79323992854499E-06
-5.79323992854499E-06
5.76140893992661E-06
-5.72957795130823E-06
5.72957795130823E-06
-5.69774696268985E-06
5.66591597407147E-06
-5.66591597407147E-06
5.63408498545309E-06
-5.63408498545309E-06
5.60225399683472E-06
-5.57042300821634E-06
5.57042300821634E-06
-5.53859201959796E-06
5.53859201959796E-06
-5.50676103097958E-06
5.4749300423612E-06
-5.4749300423612E-06
5.44309905374282E-06
-5.44309905374282E-06
5.41126806512444E-06
-5.41126806512444E-06
5.37943707650606E-06
-5.34760608788768E-06
5.34760608788768E-06
-5.3157750992693E-06
5.3157750992693E-06
-5.28394411065093E-06
5.28394411065093E-06
-5.25211312203255E-06
5.25211312203255E-06
-5.22028213341417E-06
5.18845114479579E-06
-5.18845114479579E-06
5.15662015617741E-06
-5.15662015617741E-06
5.12478916755903E-06
-5.12478916755903E-06
5.09295817894065E-06
-5.09295817894065E-06
5.06112719032227E-06
-5.06112719032227E-06
5.02929620170389E-06
-5.02929620170389E-06
4.99746521308551E-06
-4.99746521308551E-06
4.96563422446713E-06
-4.96563422446713E-06
4.93380323584876E-06
-4.93380323584876E-06
4.90197224723038E-06
-4.90197224723038E-06
4.870141258612E-06
-4.870141258612E-06
4.83831026999362E-06
-4.83831026999362E-06
4.80647928137524E-06
-4.80647928137524E-06
4.77464829275686E-06
-4.77464829275686E-06
4.74281730413848E-06
-4.74281730413848E-06
4.74281730413848E-06
-4.7109863155201E-06
4.7109863155201E-06
-4.67915532690172E-06
4.67915532690172E-06
-4.64732433828334E-06
4.64732433828334E-06
-4.61549334966497E-06
4.61549334966497E-06
-4.58366236104659E-06
4.58366236104659E-06
-4.58366236104659E-06
4.55183137242821E-06
-4.55183137242821E-06
4.52000038380983E-06
-4.52000038380983E-06
4.48816939519145E-06
-4.48816939519145E-06
4.48816939519145E-06
-4.45633840657307E-06
4.45633840657307E-06
-4.42450741795469E-06
4.42450741795469E-06
-4.39267642933631E-06
4.39267642933631E-06
-4.39267642933631E-06
4.36084544071793E-06
-4.36084544071793E-06
4.32901445209955E-06
-4.32901445209955E-06
4.32901445209955E-06
-4.29718346348117E-06
4.29718346348117E-06
-4.2653524748628E-06
4.2653524748628E-06
-4.2653524748628E-06
4.23352148624442E-06
-4.23352148624442E-06
4.23352148624442E-06
-4.20169049762604E-06
4.20169049762604E-06
-4.16985950900766E-06
4.16985950900766E-06
-4.16985950900766E-06
4.13802852038928E-06
-4.13802852038928E-06
4.13802852038928E-06
-4.1061975317709E-06
4.1061975317709E-06
-4.07436654315252E-06
4.07436654315252E-06
-4.07436654315252E-06
4.04253555453414E-06
-4.04253555453414E-06
4.04253555453414E-06
-4.01070456591576E-06
4.01070456591576E-06
-4.01070456591576E-06
3.97887357729738E-06
-3.97887357729738E-06
3.97887357729738E-06
-3.947042588679E-06
3.947042588679E-06
-3.947042588679E-06
3.91521160006063E-06
-3.91521160006063E-06
3.91521160006063E-06
-3.88338061144225E-06
3.88338061144225E-06
-3.88338061144225E-06
3.85154962282387E-06
-3.85154962282387E-06
3.85154962282387E-06
-3.81971863420549E-06
3.81971863420549E-06
-3.81971863420549E-06
3.78788764558711E-06
-3.78788764558711E-06
3.78788764558711E-06
-3.75605665696873E-06
3.75605665696873E-06
-3.75605665696873E-06
3.72422566835035E-06
-3.72422566835035E-06
3.72422566835035E-06
-3.69239467973197E-06
3.69239467973197E-06
-3.69239467973197E-06
3.66056369111359E-06
-3.66056369111359E-06
3.66056369111359E-06
-3.66056369111359E-06
3.62873270249521E-06
-3.62873270249521E-06
3.62873270249521E-06
-3.59690171387683E-06
3.59690171387683E-06
-3.59690171387683E-06
3.59690171387683E-06
-3.56507072525846E-06
3.56507072525846E-06
-3.56507072525846E-06
3.53323973664008E-06
-3.53323973664008E-06
3.53323973664008E-06
-3.53323973664008E-06
3.5014087480217E-06
-3.5014087480217E-06
3.5014087480217E-06
-3.46957775940332E-06
3.46957775940332E-06
-3.46957775940332E-06
3.46957775940332E-06
-3.43774677078494E-06
3.43774677078494E-06
-3.43774677078494E-06
3.40591578216656E-06
-3.40591578216656E-06
3.40591578216656E-06
-3.40591578216656E-06
3.37408479354818E-06
-3.37408479354818E-06
3.37408479354818E-06
-3.37408479354818E-06
3.3422538049298E-06
-3.3422538049298E-06
3.3422538049298E-06
-3.3422538049298E-06
3.31042281631142E-06
-3.31042281631142E-06
3.31042281631142E-06
-3.31042281631142E-06
3.27859182769304E-06
-3.27859182769304E-06
3.27859182769304E-06
-3.27859182769304E-06
3.24676083907467E-06
-3.24676083907467E-06
3.24676083907467E-06
-3.24676083907467E-06
3.21492985045629E-06
-3.21492985045629E-06
3.21492985045629E-06
-3.21492985045629E-06
3.18309886183791E-06
-3.18309886183791E-06
3.18309886183791E-06
-3.18309886183791E-06
3.15126787321953E-06
-3.15126787321953E-06
3.15126787321953E-06
-3.15126787321953E-06
3.11943688460115E-06
-3.11943688460115E-06
3.11943688460115E-06
-3.11943688460115E-06
3.11943688460115E-06
-3.08760589598277E-06
3.08760589598277E-06
-3.08760589598277E-06
3.08760589598277E-06
-3.05577490736439E-06
3.05577490736439E-06
-3.05577490736439E-06
3.05577490736439E-06
-3.05577490736439E-06
3.02394391874601E-06
-3.02394391874601E-06
3.02394391874601E-06
-3.02394391874601E-06
2.99211293012763E-06
-2.99211293012763E-06
2.992112930