-7.93740073667948E-16
3.4555691641458E-17
-2.98649993624167E-16
-5.29298826990043E-16
4.00512956133525E-16
2.12885264971874E-16
3.5527136788005E-17
3.60822483003176E-17
-1.53765888910584E-16
-6.23945339839338E-16
1.00919272938427E-15
-3.60822483003176E-16
-1.12687636999453E-16
-4.22994972382185E-16
4.9515946898282E-16
-5.56221735337204E-16
-1.08801856413265E-16
9.99200722162641E-17
8.41549052665869E-16
-3.31956684362922E-16
7.04991620636975E-16
-9.84767822842514E-16
-3.68594044175552E-16
1.35447209004269E-16
3.43058914609173E-16
-5.83977310952832E-16
4.9293902293357E-16
2.00950367457153E-16
-8.49320613838245E-16
5.01820807130571E-16
2.67563748934663E-16
-5.04041253179821E-16
6.94999613415348E-16
7.34967642301854E-16
6.59472476627343E-16
-1.85629289717326E-15
4.9249493372372E-15
-9.02611319020252E-15
8.25561841111266E-15
3.94129173741931E-15
-2.59348098552437E-14
2.00506278247303E-14
-7.47402140177655E-15
2.92876833896116E-15
7.28306304154103E-16
8.1601392309949E-15
-1.85851334322251E-15
4.78506123613442E-15
-5.04263297784746E-15
4.5763393075049E-15
-6.43929354282591E-17
3.5793590313915E-15
2.22044604925031E-17
-1.81410442223751E-15
1.96953564568503E-15
-5.6621374255883E-16
8.41549052665869E-16
-5.01820807130571E-16
-3.26405569239796E-16
-2.29816166097407E-15
3.22852855560996E-15
-8.81517081552374E-16
-1.94066984704477E-15
7.92699239582362E-16
-1.63868918434673E-15
1.79856129989275E-15
-2.37143638059933E-15
1.24344978758018E-15
1.13020703906841E-15
8.21565038222616E-17
-1.783018177548E-15
4.70734562441066E-15
-8.91287044169076E-15
1.78079773149875E-15
2.17159623616681E-15
-4.86055640180894E-15
4.9293902293357E-15
-8.04689648248314E-15
8.67750316047022E-15
2.62012633811537E-15
-1.98485672342486E-14
2.6523228058295E-14
-4.44089209850063E-15
1.11199938146456E-14
-5.6843418860808E-15
-4.49418280368263E-15
-8.81072992342524E-15
5.72875080706581E-16
-8.79296635503124E-16
-4.2366110619696E-15
-3.45945494473199E-15
7.50510764646606E-15
-1.74971148680925E-15
-1.02495789633394E-14
-6.03961325396085E-16
6.75015598972095E-16
-4.30766533554561E-16
-1.95399252334028E-16
-5.56443779942129E-15
-7.16315895488151E-15
-1.30118138486068E-15
1.60316204755873E-15
1.34114941374719E-15
-2.58904009342587E-15
-1.73194791841524E-15
1.74082970261225E-15
2.34923192010683E-15
5.75983705175531E-15
1.78079773149875E-15
-2.87769807982841E-15
-1.15463194561016E-15
7.41628980449605E-16
-6.09734485124136E-15
7.25641768895002E-15
6.21724893790088E-15
-7.069900220813E-15
2.1271873151818E-15
1.10755848936606E-14
-1.37290179225147E-14
2.29949392860362E-14
-2.48179254924708E-14
1.20925491842172E-14
4.99378316476395E-15
-1.63269398001376E-14
1.19704246515084E-14
-1.47659662275146E-15
-7.01660951563099E-16
-2.4757973449141E-15
7.92477194977437E-15
-7.28750393363953E-15
4.9960036108132E-15
5.77315972805081E-15
-3.43503003819023E-15
-2.36100028416786E-14
-2.80442336020315E-15
2.94875235340442E-15
-4.80726569662693E-15
2.99538172043867E-15
-1.7608137170555E-15
5.35127497869325E-15
-1.33892896769794E-15
2.03170813506404E-15
-1.47770684577608E-14
4.45643522084538E-15
8.70414851306123E-16
2.8332891588434E-15
-2.85771406538515E-15
8.33555446888568E-15
-5.77315972805081E-17
6.89892587502072E-15
3.15081294388619E-15
7.52731210695856E-15
-1.35225164399344E-15
-3.79474229816879E-15
1.77613479479533E-14
-1.397992832608E-14
-3.71480624039577E-15
1.07092112955343E-14
-1.97042382410473E-14
8.35331803727968E-15
-2.71338507218388E-15
4.69180250206591E-15
5.322409180053E-15
-1.49724677100949E-14
1.39022127143562E-14
-1.63979940737136E-14
1.28763666396026E-14
-4.24660306919122E-15
2.37032615757471E-14
-1.75626180265454E-14
6.3460348087574E-15
-2.37143638059933E-15
-4.09672296086683E-16
-1.1687317780229E-14
-2.02948768901479E-15
7.71605002114484E-16
7.99804666939963E-15
-1.92212912253353E-14
-7.11541936482263E-15
1.61204383175573E-15
1.4033219031262E-15
5.94302385081846E-15
8.43769498715119E-17
1.44662060108658E-15
1.49047441055927E-15
-9.42024236394445E-16
-1.79078973872038E-15
-1.10950137965915E-14
2.85249601716941E-14
-1.76381131922199E-14
5.83255665986826E-15
8.69193605979035E-15
9.68669588985449E-15
4.30211422042248E-17
7.50594031373453E-15
-9.44494482624236E-15
7.5531247922811E-15
-2.51422493935394E-14
3.75047215506186E-15
-8.92180797047262E-15
1.29957850036888E-14
-1.72289960076455E-14
1.21830323607242E-14
-2.08730255302214E-14
1.66999747364116E-14
1.35366717834984E-14
1.46244127918749E-15
-2.79720691054308E-15
1.0902390101819E-14
-1.01169073118967E-14
2.18391971174015E-14
1.46438416948058E-15
1.06026298851702E-15
1.0438871989038E-14
-5.13034059679285E-15
-1.33826283388316E-14
8.46656078579144E-15
-8.14903700074865E-16
-5.67323965583455E-16
-3.02868841117743E-15
7.59281526541145E-15
1.49025236595435E-14
-4.81170658872543E-15
1.39399602971935E-14
1.87505566628943E-14
-1.36091138358552E-14
1.0786926907258E-14
-3.97126775908419E-15
8.17679257636428E-15
-1.39599443116367E-14
1.77402537104854E-14
-1.76458847533922E-14
1.25677246387568E-14
-2.28905783217215E-14
-3.55493412484975E-15
-1.36357591884462E-14
2.22244445069464E-14
5.04263297784746E-15
-1.67155178587564E-14
1.4175327578414E-14
-7.20534742981727E-15
1.13509202037676E-14
5.22026866178749E-15
-1.49369405733069E-14
2.65010235978025E-14
1.07913677993565E-15
-3.95683485976406E-15
4.68958205601666E-15
-4.62296867453915E-15
4.17665901863984E-15
-9.27036225562006E-15
9.77884440089838E-15
-1.01052499701382E-14
5.69100322422855E-15
-4.21218615542784E-15
1.15707443626434E-14
-1.5869527913992E-14
1.26543220346775E-14
-6.01296790136985E-15
-5.62438984275104E-15
-3.82360809680904E-15
5.73985303731206E-15
-8.71525074330748E-15
-5.6399329650958E-15
7.53619389115556E-15
9.60787005510611E-15
-2.90878432451791E-15
-7.50954853856456E-15
1.60360613676858E-14
-1.18505205648489E-14
3.14503978415814E-14
-6.37934149949615E-15
5.19584375524573E-16
-3.02202707302968E-15
2.37809771874709E-14
-3.53161944133262E-14
2.53952414652758E-14
3.67106345322554E-14
-6.41464659167923E-14
4.59254856366442E-14
-2.16737738867323E-14
1.32049926548916E-14
1.04183328630825E-14
-1.81454851144736E-14
2.40429898212824E-14
1.99396055222678E-14
-1.47304390907266E-14
3.07309733216243E-15
2.25641727524817E-14
-2.01749728034883E-14
-6.98108237884299E-15
3.42437189715383E-14
-1.95221616650088E-14
-6.23945339839338E-15
1.37001521238744E-14
3.77475828372553E-15
-6.19504447740837E-15
1.17195142479432E-14
-2.22533103055866E-14
4.9427129056312E-15
-4.65272265159911E-14
8.23785484271866E-15
-2.1582735598713E-14
-5.15143483426073E-16
-2.02060590481779E-15
3.50830475781549E-16
1.54987134237672E-15
2.34834374168713E-14
-1.20703447237247E-14
-1.87716509003621E-14
6.66133814775094E-15
4.73310279858197E-14
-1.01252339845814E-14
2.73159272978774E-14
-2.88169488271706E-14
3.63531427183261E-14
-4.73177053095242E-14
8.87756534950768E-14
-8.08753064518442E-14
9.57900425646585E-15
4.7528647684203E-14
-3.26028093411423E-14
3.60866891924161E-14
-1.88093984831994E-14
-1.02162722726007E-14
-1.17394982623864E-14
-1.57962531943667E-14
2.91855428713461E-14
-2.27151630838307E-15
9.5679020262196E-15
1.15996101612836E-14
2.74891220897189E-15
4.94937424377895E-15
-1.9213519664163E-14
1.9249046800951E-14
-4.37427871702312E-16
-1.4344081478157E-15
-2.93454149868921E-14
2.9840574455875E-14
-4.01167987718054E-14
1.22835075444527E-14
-2.2921664566411E-14
-4.36983782492462E-15
-1.71240799318184E-14
2.08899564313469E-14
4.48530101948563E-15
-8.47100167788995E-15
1.56674673235102E-14
-1.62536650805123E-14
2.05346850634669E-14
-2.27107221917322E-14
1.94932958663685E-14
-1.05715436404807E-14
-8.20898904407841E-15
6.64135413330769E-15
7.17514936354746E-14
-9.13313868977639E-14
1.9601431588967E-13
-1.74489311888237E-13
3.77475828372553E-16
8.74744721102161E-14
-8.6675111532486E-14
3.17368353819347E-14
4.6296300126869E-15
2.8190783041282E-14
1.64890323617328E-14
2.11364259428137E-14
-1.72240000040347E-14
-1.45439216225896E-15
-3.48387985127374E-15
1.79967152291738E-15
-4.9826809345177E-15
5.55888668429816E-15
-8.03035415941622E-14
1.95354843413043E-14
-1.02695629777827E-15
6.29274410357539E-15
-1.36257671812245E-14
2.40563124975779E-14
-4.70756766901559E-14
3.75388609086258E-14
-1.0937917238607E-14
2.70927724699277E-14
-2.23976392987879E-14
7.14428516346288E-16
2.75290901186054E-14
5.86419801607008E-15
-1.10705888900497E-14
1.88143944868102E-14
-6.69242439244044E-15
2.41795472533113E-14
7.95863375202544E-15
1.88224436037388E-14
-5.41230948947202E-14
2.27470819957887E-14
-8.7799212344919E-15
4.632294547946E-14
6.35357044753704E-14
-5.37270852807303E-13
8.22686379832866E-13
-4.94709481713151E-13
6.41005304391484E-14
3.11026204791176E-14
-2.64122057558325E-15
2.01963445967124E-14
2.26113572310283E-14
-6.12365713692498E-14
-5.83366688289289E-15
2.08499884024604E-15
-1.18283161043564E-14
2.21450635606857E-14
-5.1941784207088E-15
-2.7235436128592E-14
-5.46190870309715E-14
2.65354405115659E-14
-2.83462142647295E-14
4.1927572524969E-14
-1.68642877440561E-14
1.85240711658707E-14
-1.01652020134679E-13
2.25330865077922E-14
6.83786360866634E-15
1.54709578481516E-14
3.33955085807247E-15
1.64046554118613E-14
-1.51223478184193E-14
1.41198164271827E-14
2.56084042860039E-14
-3.34288152714635E-14
2.15716333684668E-15
2.44193554266303E-14
-5.87974113841483E-15
-2.6914026562963E-14
2.1369572777985E-14
1.12798659301916E-14
-2.24442686658222E-14
4.23061585763662E-14
-1.51223478184193E-13
1.41302525236142E-13
6.65334454197364E-14
-2.19926299394047E-13
2.46471731912834E-13
-1.08777431506724E-13
6.77902178836121E-14
-1.75859327100625E-14
6.32827124036339E-16
-4.43201031430363E-14
3.91686683087755E-14
-2.65254485043442E-14
1.7394974349827E-14
3.95905530581331E-15
-2.08544292945589E-14
1.17039711255984E-14
5.59907675778959E-14
1.6198153929281E-14
-1.32227562232856E-14
-4.74953409934642E-15
-5.39568389967826E-15
1.36113342819044E-14
-1.43218770176645E-14
-1.27542421068938E-14
-7.55839835164807E-15
1.93267624126747E-14
7.061018436616E-15
1.36646249870864E-14
1.25499610703628E-14
-1.41442413337245E-15
-1.91535676208332E-14
-1.00808250635964E-15
-4.59987603562695E-14
-1.03939079565407E-14
2.13273843030493E-14
-6.0196292395176E-15
3.27027294133586E-14
1.06670228205985E-14
-2.52931009470103E-14
3.55071527735618E-14
-8.30424617959125E-14
5.08459940817829E-14
2.78910228246332E-14
-1.46560541480767E-13
1.47175605036409E-13
-7.70583596931829E-14
6.66977584273809E-14
-5.41566791412151E-14
3.74145159298678E-14
-2.01216820983063E-14
2.41939801526314E-14
1.43662859386495E-14
1.7847945343874E-14
-1.39666056497845E-14
1.41886502547095E-14
-2.62900812231237E-14
-2.49134046725885E-15
9.57900425646585E-15
1.06226138996135E-14
-1.09601216990995E-14
2.36299868561218E-14
-2.1378454562182E-14
3.58379992349001E-15
-7.95363774841462E-15
1.63291602461868E-14
-2.25508500761862E-14
1.0342837697408E-14
2.74003042477489E-15
7.94475596421762E-15
-3.43369777056068E-14
3.39861472298253E-14
-2.34656738484773E-14
8.17124146124115E-16
1.04716235682645E-14
3.81028542051354E-15
-2.21733742478136E-14
2.19024798298051E-14
5.32462962610225E-15
-2.87325718772991E-14
6.58584298207643E-15
3.08886249911211E-14
-5.68189939542663E-14
9.30522325859329E-14
-1.1628253915319E-13
8.23963119955806E-14
2.92343926844296E-14
-7.17514936354746E-14
5.07260899951234E-14
-1.96909155647518E-14
5.36237720893951E-15
-1.89959159513364E-14
1.2356782264078E-14
-3.96682686698569E-14
2.94586577354039E-14
9.20374887414255E-15
6.62581101096293E-15
-1.42441614059408E-14
2.36699548850083E-14
-9.7311048108395E-14
5.27133892092024E-15
2.84150480922563E-14
4.84057238736568E-15
-5.75317571360756E-15
-3.5704772471945E-15
5.06505948294489E-14
-4.14601686316019E-14
2.13051798425568E-14
-9.35251875944232E-15
1.82631687550838E-14
-4.6180836932308E-14
2.11719530796017E-14
-1.12709841459946E-14
2.01505478969466E-14
1.01874064739604E-14
-7.14095449438901E-15
-1.02584607475364E-14
-2.07900363591307E-14
2.44715359087877E-14
-5.88906701182168E-14
-9.85656001262214E-15
2.86415335892798E-14
-5.34794430961938E-14
3.42614825399323E-14
-4.75619543749417E-15
9.71667191151937E-15
2.14717132962505E-15
-4.29012381175653E-14
5.29620791667185E-14
-6.35180796848545E-14
1.93511873192165E-14
-2.90867330221545E-14
3.31656924146273E-14
-1.15030207581412E-14
2.37132535829687E-14
-2.61113353161591E-14
-4.31987778881648E-15
-1.19293463995973E-14
4.71733763163229E-14
-4.35806946086359E-14
1.31228361510694E-15
4.89275286952307E-15
-5.00710584105946E-15
1.47104550762833E-15
4.29001278945407E-14
-8.37663272079681E-15
1.26909593944902E-14
7.04214464519737E-15
-1.59605662020113E-14
7.53286322208169E-15
-8.91509088774001E-15
1.20287113603013E-14
5.50948175970234E-14
-2.67597055625402E-14
2.03048688973695E-14
-5.0531800965814E-15
-2.69878563941006E-14
3.71036534829727E-14
9.47575351517571E-15
-8.03007660366006E-14
3.81948639383012E-14
-1.17111875752585E-14
4.88768747697321E-15
-2.70613500060324E-14
8.29808444180458E-15
-2.49486542536204E-14
1.63646873829748E-15
-6.48653353252371E-14
-6.00686167473441E-15
8.21787082827541E-15
-5.05795405558729E-14
-3.05033776015762E-15
5.22365484201259E-14
-1.83258963559751E-14
-2.35345076760041E-14
1.30434552048087E-14
-1.20470300402076E-14
3.4173774920987E-14
-1.60221835798779E-14
1.11410880521134E-14
6.66577903984944E-15
1.42297285066206E-14
3.35520500271969E-14
-2.8244073746464E-14
7.17581549736224E-14
2.92543766988729E-15
-4.413136522885E-15
-3.66096042370145E-14
6.06159566984843E-14
-3.16868753458266E-14
1.12575504473966E-13
7.16315895488151E-15
3.69182462378603E-14
-4.56090720746261E-14
5.65048008382973E-14
-3.70448116626676E-14
5.43542988395984E-14
-4.38515890266444E-14
7.95807864051312E-15
-3.26272342476841E-14
3.26383364779304E-14
1.43041134492705E-14
6.18616269321137E-15
3.34043903649217E-14
2.05302441713684E-14
2.56239474083486E-14
1.72128977737884E-14
-6.12820905132594E-14
5.12256903562047E-14
-1.18616227950952E-14
9.79483161245298E-14
-1.31961108706946E-14
-8.65307825392847E-15
2.52464715799761E-14
-3.03579383853503E-14
5.07016650885817E-14
-2.97495361678557E-14
1.44839695792598E-14
-5.88729065498228E-14
2.39275266267214E-14
-4.46798154030148E-14
2.38120634321604E-14
8.74589289878713E-14
1.37045930159729E-14
-5.95967719618784E-15
5.95079541199084E-15
-1.34336985979644E-15
-2.289501921382E-14
2.48689957516035E-14
-1.28497212870116E-14
-6.28164187332914E-15
-6.59694521232268E-15
4.31676916434753E-14
-5.91149351691911E-14
3.54161144855425E-15
-6.38533670382913E-14
5.65991697953905E-15
-3.25872662187976E-14
3.54494211762812E-14
-1.12765352611177E-13
5.35038680027356E-14
9.4135810257967E-14
-2.07884820468962E-13
9.97313343020778E-14
-1.37581057657599E-13
6.11311001819104E-14
1.84385839929746E-14
-3.42259554031443E-14
-1.34114941374719E-14
4.9356074782736E-14
-7.57038876031402E-14
-8.77076189453874E-15
2.02549088612614E-14
-2.8244073746464E-15
-1.3988810110277E-15
3.25961480029946E-15
8.4909856923332E-15
4.28546087505311E-15
-3.64153152077051E-15
1.04005692946885E-14
-9.95070692511035E-14
1.86961557346876E-14
1.26121335597418E-14
3.34177130412172E-14
-2.11697326335525E-14
-1.83542070431031E-14
-2.94075874762711E-14
2.63700172808967E-14
4.75131045618582E-14
1.34914301952449E-14
-1.73994152419255E-14
7.47402140177655E-15
-2.1262991367621E-14
-9.54791801177635E-16
-1.14308562615406E-14
2.72581957005968E-14
-6.27897733807004E-14
1.65245594985208E-14
-7.86748444170371E-14
7.0867756107873E-14
-1.36997080346646E-13
2.31248353799174E-13
-1.53375090405916E-13
7.2410966112102E-14
7.0627947934554E-14
-7.64588392598853E-14
5.75495207044696E-14
-1.09412479076809E-13
1.46882506157908E-14
4.04831723699317E-14
6.572298261176E-14
1.0325074129014E-14
-5.5140336741033E-14
-3.13127301865279E-14
-1.13775655563586E-14
3.96571664396106E-14
-3.8871128538176E-14
-5.82134340731955E-14
-5.32973665201553E-14
1.62381219581675E-14
2.92743607133161E-14
-7.90500997993604E-14
-2.1600499167107E-14
-5.79980508064182E-15
2.40141240226421E-14
2.27040608535845E-14
2.79687384363569E-14
-2.34545716182311E-14
-2.23043805647194E-14
-6.04027938777563E-14
4.04365430028975E-14
-3.5527136788005E-14
3.38618022510673E-15
4.05853128881972E-14
2.11075601441735E-14
1.27053922938103E-14
-1.2125855874956E-13
3.14881454244187E-14
-3.77653464056493E-14
1.05571107411606E-13
-2.43702835689419E-13
4.1293857222513E-13
-3.91306986813333E-13
8.30713275945527E-14
2.32531771615641E-13
-1.57180934934331E-13
1.44473322194472E-13
-2.78954637167317E-14
1.51700874084781E-14
6.13553652328847E-14
2.75068856581129E-14
-2.771005647161